<?xml version="1.0"?>
<opencv_storage>
<cameramatrix type_id="opencv-matrix">
  <rows>3</rows>
  <cols>3</cols>
  <dt>d</dt>
  <data>
    8.8017450842886092e+02 0. 6.8462032079559549e+02 0.
    8.7693964511754018e+02 5.1235726085363683e+02 0. 0. 1.</data></cameramatrix>
<distcoeffs type_id="opencv-matrix">
  <rows>1</rows>
  <cols>5</cols>
  <dt>d</dt>
  <data>
    -2.6770271233979170e-01 1.4276837239073203e-01
    8.1782439036324098e-05 2.0210732642841969e-03
    -5.8425070080284219e-02</data></distcoeffs>
</opencv_storage>
