<?xml version="1.0"?>
<opencv_storage>
<cameramatrix type_id="opencv-matrix">
  <rows>3</rows>
  <cols>3</cols>
  <dt>d</dt>
  <data>
    3.5942201865626441e+02 0. 7.8730112748849672e+02 0.
    3.5903007188505865e+02 5.7312991169453335e+02 0. 0. 1.</data></cameramatrix>
<distcoeffs type_id="opencv-matrix">
  <rows>1</rows>
  <cols>5</cols>
  <dt>d</dt>
  <data>
    -9.4030211207718525e-02 1.1164752921662862e-02
    -7.8251638892088641e-03 -8.4142333332099684e-03
    1.0725163489387786e-03</data></distcoeffs>
</opencv_storage>
