<?xml version="1.0"?>
<opencv_storage>
<cameramatrix type_id="opencv-matrix">
  <rows>3</rows>
  <cols>3</cols>
  <dt>d</dt>
  <data>
    1.5168144445621563e+03 0. 8.0515422213817089e+02 0.
    1.5114023533225504e+03 4.0521586583357805e+02 0. 0. 1.</data></cameramatrix>
<distcoeffs type_id="opencv-matrix">
  <rows>1</rows>
  <cols>5</cols>
  <dt>d</dt>
  <data>
    -2.6494078167046892e-01 4.1821744508318626e-01
    -8.3625751958112723e-03 1.1262631104940432e-04
    -1.0844451577725680e+00</data></distcoeffs>
</opencv_storage>
