<?xml version="1.0"?>
<opencv_storage>
<R type_id="opencv-matrix">
  <rows>3</rows>
  <cols>3</cols>
  <dt>d</dt>
  <data>
    9.6152282128471744e-01 -9.4259585497321052e-03
    -2.7456331775037984e-01 -6.7109344211751226e-03
    9.9830711080957901e-01 -5.7774353014340279e-02
    2.7464309113442487e-01 5.7393935328130780e-02 9.5983181270453766e-01</data></R>
<t type_id="opencv-matrix">
  <rows>3</rows>
  <cols>1</cols>
  <dt>d</dt>
  <data>
    4.2470620458937958e+02 -4.0973541096643999e+01
    1.3558408098249015e+02</data></t>
</opencv_storage>
