<?xml version="1.0"?>
<opencv_storage>
<R type_id="opencv-matrix">
  <rows>3</rows>
  <cols>3</cols>
  <dt>d</dt>
  <data>
    3.3027769041640120e-02 4.0120670711302131e-03
    -4.1555849188468826e-03 3.5050513373290272e-02
    4.2577810918410066e-03 -4.4100885103153476e-03
    -6.5825332145132620e-03 -7.9961697446998068e-04
    8.2822051103581356e-04</data></R>
<t type_id="opencv-matrix">
  <rows>3</rows>
  <cols>1</cols>
  <dt>d</dt>
  <data>
    3.1240490746614029e+02 -4.4673781247408635e+02
    1.5891335753166184e+03</data></t>
</opencv_storage>
