<?xml version="1.0"?>
<opencv_storage>
<R type_id="opencv-matrix">
  <rows>3</rows>
  <cols>3</cols>
  <dt>d</dt>
  <data>
    9.6811904638380997e-01 5.6469171150638486e-03
    -2.5042688425166754e-01 -2.3455041863729514e-02
    9.9739702807562014e-01 -6.8183791307695557e-02
    2.4939000188474506e-01 7.1883800073565138e-02 9.6573150836395039e-01</data></R>
<t type_id="opencv-matrix">
  <rows>3</rows>
  <cols>1</cols>
  <dt>d</dt>
  <data>
    3.6387821103517842e+02 -3.1777704101183332e+01
    1.4154086578721422e+02</data></t>
</opencv_storage>
