<?xml version="1.0"?>
<opencv_storage>
<R type_id="opencv-matrix">
  <rows>3</rows>
  <cols>3</cols>
  <dt>d</dt>
  <data>
    9.2899258664511897e-01 -3.8082248243075004e-02
    -3.6813382937073835e-01 5.4072556547980618e-03
    9.9598239678375189e-01 -8.9385831557225959e-02
    3.7005882714062466e-01 8.1048181137184844e-02 9.2546618349330267e-01</data></R>
<t type_id="opencv-matrix">
  <rows>3</rows>
  <cols>1</cols>
  <dt>d</dt>
  <data>
    4.7010077530666092e+02 1.3046326935347139e+01 1.4933176318502751e+02</data></t>
</opencv_storage>
