<?xml version="1.0"?>
<opencv_storage>
<R type_id="opencv-matrix">
  <rows>3</rows>
  <cols>3</cols>
  <dt>d</dt>
  <data>
    9.4338047438055361e-01 -8.2420878155858024e-03
    -3.3161023588840216e-01 1.7679238724055916e-03
    9.9980199448026119e-01 -1.9820350109751791e-02
    3.3170793629743456e-01 1.8111869636565178e-02 9.4320825122322005e-01</data></R>
<t type_id="opencv-matrix">
  <rows>3</rows>
  <cols>1</cols>
  <dt>d</dt>
  <data>
    3.9285465103919211e+02 -1.0865130238000327e+02
    7.2481169609547806e+01</data></t>
</opencv_storage>
