<?xml version="1.0"?>
<opencv_storage>
<R type_id="opencv-matrix">
  <rows>3</rows>
  <cols>3</cols>
  <dt>d</dt>
  <data>
    9.8454507415511028e-01 -1.1706509807294789e-02
    -1.7473967661936451e-01 1.0184264501448975e-02
    9.9990200093798853e-01 -9.6056898123725032e-03
    1.7483500139695396e-01 7.6776395030439953e-03 9.8456781185360132e-01</data></R>
<t type_id="opencv-matrix">
  <rows>3</rows>
  <cols>1</cols>
  <dt>d</dt>
  <data>
    5.6286475565477008e+02 -1.1315323567079702e+02
    2.1242571442347071e+01</data></t>
</opencv_storage>
